app/static/test_data/test_waves.json
{"header": {"parameterUnit": "m.s-1", "parameterNumber": 3, "dx": 5.0, "dy": 5.0, "parameterNumberName": "Northward current", "la1": 80, "la2": -80, "parameterCategory": 2, "nx": 72, "numberPoints": 2304, "refTime": "2019_12_11_00", "lo2": 180, "ny": 32, "lo1": -180}, "data":
[rows 0 to 28 of 32, columns 0 to 65 of 72]
"NaN","NaN","NaN","NaN","NaN","NaN","NaN","NaN","NaN","NaN","NaN","NaN","NaN","NaN","NaN","NaN","NaN","NaN","NaN","NaN","NaN","NaN","NaN","NaN","NaN","NaN","NaN","NaN","NaN","NaN","NaN","NaN","NaN","NaN","NaN",0.99431936,1.04167617,0.97940402,0.15563607,"NaN","NaN","NaN",-0.0338945,"NaN","NaN",0.77707335,0.09625005,0.7673996,-0.2038314,0.86289781,"NaN","NaN","NaN","NaN","NaN","NaN","NaN","NaN","NaN","NaN","NaN","NaN","NaN","NaN","NaN","NaN"
"NaN",0.61522375,-0.6023425,"NaN","NaN","NaN","NaN","NaN","NaN","NaN","NaN","NaN","NaN","NaN","NaN","NaN","NaN","NaN","NaN","NaN","NaN","NaN","NaN","NaN",-0.0529891,"NaN","NaN","NaN","NaN","NaN","NaN","NaN","NaN",-2.1752517,-3.1520901,2.92569551,1.72447725,-0.8873153,-0.9962074,"NaN","NaN",0.89007414,"NaN","NaN",-0.7871595,-0.2102519,"NaN","NaN","NaN","NaN","NaN","NaN","NaN","NaN","NaN","NaN","NaN","NaN","NaN","NaN","NaN","NaN","NaN","NaN","NaN","NaN"
"NaN",0.29466202,1.22056316,"NaN","NaN","NaN","NaN","NaN","NaN","NaN","NaN","NaN","NaN","NaN","NaN","NaN","NaN","NaN",-0.2678793,"NaN","NaN","NaN","NaN","NaN","NaN","NaN","NaN","NaN","NaN",0.0756079,"NaN",2.58245174,10.1029677,9.17521209,"NaN",5.16967337,3.52577969,-0.0384879,0.99016204,"NaN","NaN","NaN","NaN","NaN",0.87805599,0.3389471,"NaN","NaN","NaN","NaN","NaN","NaN","NaN","NaN","NaN","NaN","NaN","NaN","NaN","NaN","NaN","NaN","NaN","NaN","NaN","NaN"
0.60306836,1.24122752,-1.7343034,"NaN","NaN","NaN","NaN","NaN","NaN","NaN","NaN","NaN","NaN","NaN","NaN","NaN","NaN","NaN","NaN","NaN","NaN",-0.0364763,"NaN","NaN","NaN","NaN","NaN","NaN","NaN","NaN",5.51447958,6.09534018,2.566892,-0.0509793,-4.5285257,-4.7140725,-6.0361849,"NaN","NaN","NaN","NaN","NaN","NaN","NaN","NaN","NaN","NaN","NaN","NaN","NaN","NaN","NaN","NaN","NaN","NaN","NaN","NaN","NaN","NaN","NaN","NaN","NaN","NaN","NaN","NaN","NaN"
-0.3443268,2.28231089,"NaN","NaN","NaN","NaN",-1.0503592,"NaN",-1.8989297,"NaN","NaN","NaN","NaN","NaN","NaN","NaN","NaN","NaN","NaN","NaN",-0.1846495,"NaN","NaN","NaN",2.84699624,1.61677165,-1.0149455,"NaN","NaN",3.68186977,4.29784289,-5.3776844,-0.9854798,7.08193551,4.26314526,0.8686358,-3.5716479,-0.7596617,"NaN",1.27999984,"NaN","NaN","NaN","NaN","NaN","NaN","NaN","NaN","NaN","NaN","NaN","NaN","NaN","NaN","NaN","NaN","NaN","NaN","NaN","NaN","NaN","NaN","NaN","NaN",0.38749901,-0.1320555
-0.4807777,1.69929219,0.27455168,"NaN",1.17100708,3.67732433,-4.2459244,-4.5245002,-2.9406703,"NaN","NaN","NaN","NaN","NaN","NaN","NaN","NaN","NaN","NaN","NaN","NaN","NaN","NaN","NaN","NaN",2.64565859,5.22233745,1.65789915,-1.3640392,2.46027105,4.92899178,-6.9860699,-1.0478644,5.33341802,"NaN","NaN",1.77525853,"NaN","NaN","NaN","NaN","NaN","NaN","NaN","NaN","NaN","NaN","NaN","NaN","NaN","NaN","NaN","NaN","NaN","NaN","NaN","NaN","NaN","NaN","NaN","NaN","NaN","NaN","NaN","NaN",-0.1112478
4.2565978,"NaN","NaN",-1.2232941,-3.0979578,"NaN",-4.4030134,3.70374713,-4.0841922,-0.8209701,"NaN","NaN","NaN","NaN","NaN","NaN","NaN","NaN","NaN","NaN","NaN","NaN","NaN",1.08053985,-2.9099388,1.71330656,-2.5819453,3.86998659,-3.3759746,3.32687765,4.47843284,-2.3749602,-3.9584246,5.09530761,-4.076059,"NaN","NaN","NaN","NaN","NaN","NaN","NaN","NaN","NaN","NaN","NaN","NaN","NaN","NaN","NaN","NaN","NaN","NaN","NaN","NaN","NaN","NaN","NaN","NaN","NaN","NaN","NaN","NaN","NaN","NaN",0.54677238
-2.4081297,-6.4133302,-3.7026603,"NaN",5.5921487,8.45570168,-7.6800559,4.1400116,4.18036379,"NaN","NaN","NaN","NaN","NaN","NaN","NaN","NaN","NaN","NaN","NaN","NaN","NaN",1.67981941,3.34866095,-0.0064385,-0.7569621,-0.1542856,-1.1282466,"NaN","NaN","NaN","NaN",-2.3078689,-2.3926423,"NaN","NaN","NaN",0.2647972,"NaN",0.02070903,"NaN","NaN","NaN","NaN","NaN","NaN","NaN","NaN","NaN","NaN","NaN","NaN","NaN","NaN","NaN","NaN","NaN","NaN","NaN","NaN","NaN","NaN",0.10317171,"NaN","NaN",-0.8299418
6.73775476,1.48703367,-8.2757532,-2.3440496,2.92241225,-3.5102013,1.33002231,1.36655108,-1.722469,"NaN","NaN","NaN","NaN","NaN","NaN","NaN","NaN","NaN","NaN","NaN","NaN",-1.8953296,-3.26924,-2.0745323,1.60597777,-1.4191179,-0.1321673,0.9970945,0.86718232,0.29690994,-0.8507038,-1.0931866,1.05870988,"NaN","NaN","NaN",0.0257302,0.20287963,0.21123037,0.15929065,"NaN","NaN","NaN","NaN","NaN","NaN","NaN","NaN","NaN","NaN","NaN","NaN","NaN","NaN","NaN","NaN","NaN","NaN","NaN","NaN",-0.2294808,"NaN",0.76975009,0.200019,"NaN",-1.163687
"NaN","NaN","NaN","NaN","NaN","NaN","NaN","NaN","NaN","NaN","NaN","NaN","NaN","NaN","NaN","NaN","NaN","NaN","NaN","NaN",-1.3688441,0.12004998,"NaN",1.94420822,1.81852668,1.74962794,1.08888114,-1.331071,-2.1697797,-0.6008321,-0.5714388,-0.764935,-0.2895691,"NaN","NaN","NaN","NaN","NaN","NaN",0.11898278,"NaN",-0.2569649,-0.3275343,"NaN","NaN","NaN","NaN","NaN","NaN","NaN","NaN","NaN","NaN","NaN","NaN","NaN","NaN","NaN","NaN","NaN",-0.5473967,-0.3598885,"NaN","NaN",1.49283701,1.69624223
"NaN","NaN","NaN","NaN","NaN","NaN","NaN","NaN","NaN","NaN","NaN","NaN","NaN","NaN","NaN","NaN",0.74960018,-0.5394592,0.30465789,"NaN",-0.7124638,"NaN",0.98002639,1.72877004,2.32085485,-1.5361919,-1.1030038,1.59873326,1.70866395,-1.9909414,-1.5357203,1.44985451,-0.343437,"NaN","NaN","NaN","NaN","NaN","NaN","NaN","NaN","NaN","NaN","NaN","NaN","NaN","NaN","NaN","NaN","NaN","NaN","NaN","NaN","NaN","NaN","NaN","NaN","NaN","NaN","NaN",-0.6039143,0.35040587,"NaN","NaN","NaN",-0.3613663
-0.6807373,0.64716019,"NaN","NaN","NaN","NaN","NaN",-0.8036261,0.00807222,-1.1815298,-0.8594506,-0.8164527,0.66489663,0.53423335,0.26171689,"NaN",-2.0274997,"NaN",-0.9046384,0.01014637,-0.9473253,1.4962966,1.24790474,0.21117973,1.74121981,-1.8679639,2.11645849,-2.6092504,2.64363509,1.12252837,2.15906034,1.59686471,1.93103394,"NaN","NaN","NaN","NaN","NaN","NaN","NaN","NaN","NaN","NaN","NaN","NaN","NaN","NaN","NaN","NaN",-0.3397957,"NaN","NaN","NaN","NaN","NaN","NaN","NaN","NaN","NaN",-0.4603299,-0.402805,"NaN",1.07557249,"NaN",-0.413315,"NaN"
-0.6885328,0.64983842,-1.1724744,0.34344152,-0.8448523,0.28828636,0.78568424,-0.822236,-0.7335835,-0.5574479,0.05558007,-1.0706661,-0.8494137,-0.5692126,-0.6663675,"NaN","NaN","NaN",0.80764259,-0.7150782,-1.7110904,-0.9495765,-1.3968921,1.11385204,0.39431117,2.3813254,-2.3495858,0.16580142,-1.6793466,0.57221131,-0.2926796,-0.9717567,-1.3869085,"NaN","NaN","NaN","NaN","NaN","NaN","NaN","NaN","NaN","NaN","NaN","NaN","NaN","NaN","NaN",0.55419986,"NaN","NaN","NaN","NaN","NaN","NaN","NaN","NaN","NaN",-2.1016596,2.01011246,"NaN","NaN","NaN","NaN","NaN","NaN"
-1.2840431,0.52788653,-0.3985441,1.14202605,0.52522753,-0.6940755,-1.2068028,-0.8751687,-1.658787,1.1872654,-1.846402,0.86515918,-1.2725171,0.47933941,-0.1890802,"NaN","NaN","NaN","NaN",-0.0375443,-0.6692857,1.90143058,0.47606568,0.25894817,-0.1891268,0.9258539,-0.0359164,-0.746303,-1.5165126,2.12576145,1.70165563,-1.362415,"NaN","NaN","NaN","NaN","NaN","NaN","NaN","NaN","NaN","NaN","NaN","NaN","NaN",0.78560247,0.0479514,0.92929243,0.03300873,-0.3709354,"NaN","NaN",-0.7063635,-0.6977633,"NaN",0.16705896,"NaN","NaN",-0.1441215,0.3713595,-0.3340208,"NaN","NaN","NaN",0.10091118,0.67932791
-1.0180601,-1.205524,0.04730955,0.51747195,0.60799948,0.82805175,0.4688375,"NaN","NaN","NaN","NaN","NaN","NaN",-0.8399169,"NaN",0.76277771,"NaN","NaN",-0.1178874,-0.1044423,"NaN","NaN","NaN","NaN",-1.9734734,-0.1489735,2.28863236,-1.7822457,1.76432135,-1.7832271,0.81126829,"NaN","NaN","NaN","NaN","NaN","NaN","NaN","NaN","NaN","NaN","NaN","NaN","NaN","NaN","NaN","NaN","NaN","NaN","NaN","NaN",-1.1806645,-0.8739946,"NaN",-0.5119227,0.29484812,0.24457861,-2.938541,2.31987876,-0.8281252,"NaN","NaN","NaN","NaN",0.34392875,"NaN"
"NaN",0.44407095,1.63370174,"NaN","NaN",1.41639005,-0.5900373,1.26552437,-1.1355128,"NaN","NaN","NaN","NaN",-0.5597171,0.69238209,-0.5634016,-1.159214,-0.2969572,0.49294264,1.15990596,"NaN","NaN","NaN","NaN","NaN","NaN",-0.4964171,-0.8858876,1.75338543,"NaN","NaN","NaN","NaN","NaN",0.68192104,"NaN","NaN",0.57615804,"NaN","NaN","NaN","NaN","NaN","NaN","NaN",-0.01788,0.11370038,"NaN","NaN","NaN","NaN","NaN","NaN","NaN","NaN","NaN","NaN",1.33374294,"NaN","NaN","NaN","NaN","NaN","NaN","NaN","NaN"
"NaN","NaN",-0.7451021,"NaN",-1.2617056,-1.3640338,0.07535142,0.74117134,-1.1127034,"NaN","NaN",0.15371637,1.07808007,0.27477687,-0.9468229,-0.5343719,0.57832756,0.45759932,0.85161712,0.34554139,"NaN","NaN","NaN","NaN","NaN","NaN","NaN",1.00210206,"NaN",-0.7688978,0.8837278,-0.4992449,-1.0317191,1.30559211,-0.7752598,-0.2113992,0.0979797,-0.62663,"NaN","NaN","NaN","NaN","NaN","NaN",0.19579862,"NaN","NaN","NaN","NaN",-0.77151,0.77944498,"NaN","NaN","NaN","NaN",1.07884703,"NaN","NaN","NaN","NaN",0.07190937,"NaN","NaN","NaN","NaN","NaN"
0.40512198,"NaN","NaN","NaN","NaN",0.81685578,0.65113851,-0.1062037,-0.9767305,"NaN","NaN","NaN","NaN",1.05995787,0.48283775,0.37785157,1.27370385,-0.9274129,"NaN",-0.8073018,"NaN","NaN","NaN","NaN","NaN","NaN","NaN","NaN","NaN","NaN",-0.5570857,0.83104774,0.78063596,0.47408615,0.50833605,"NaN","NaN","NaN","NaN","NaN","NaN","NaN","NaN","NaN",0.85868834,"NaN","NaN",-0.2088204,-0.593477,0.85497685,-0.5446089,-0.6578297,-1.9030396,1.52595008,1.63411168,-1.1701396,1.22892672,"NaN","NaN",0.07688412,"NaN","NaN","NaN",0.05657405,"NaN","NaN"
"NaN",-0.7905504,-0.6400759,"NaN","NaN","NaN","NaN","NaN","NaN","NaN","NaN","NaN","NaN","NaN",-1.1065387,-1.3083804,1.26285918,-1.0460722,-0.334746,0.10107166,0.74361545,"NaN","NaN","NaN","NaN","NaN","NaN","NaN",0.23472042,1.14090791,-0.1365275,0.72090996,0.91386787,-0.5970778,-0.418885,"NaN","NaN","NaN",-0.0935,"NaN","NaN","NaN","NaN","NaN","NaN","NaN","NaN","NaN",0.5421567,0.45327351,-0.2330817,1.71133615,2.02593521,-0.2152032,1.6826853,1.51043516,-1.0927149,0.53873029,"NaN","NaN","NaN",0.25809916,"NaN","NaN","NaN","NaN"
"NaN","NaN","NaN","NaN","NaN","NaN","NaN",0.97557716,"NaN",0.5381168,"NaN","NaN","NaN",-0.1305893,0.03318519,1.05553828,0.86409678,-0.8729293,-1.0071916,-0.1206881,-1.0754363,"NaN","NaN","NaN","NaN","NaN","NaN","NaN",-0.6734702,"NaN",0.23713374,0.80772697,-0.5159997,-0.4826576,-0.9285367,0.24241182,"NaN",0.16231025,"NaN","NaN","NaN","NaN","NaN",-0.6627859,"NaN","NaN","NaN",-0.5085391,"NaN",-0.2619477,-1.1601245,-0.5921495,1.60776994,-0.3018066,-0.9769661,0.1242349,-1.4658154,0.75772671,-1.3568616,"NaN","NaN","NaN","NaN","NaN","NaN",1.58700042
"NaN","NaN","NaN",1.30650572,-2.4016317,-1.3433607,0.81480909,-0.8671307,-2.454361,0.59645539,-0.5859794,-0.7989023,-0.0976226,"NaN","NaN",0.93579643,"NaN",0.75985742,-0.7894016,-0.2317593,-0.9201634,0.72090114,"NaN","NaN","NaN","NaN","NaN","NaN",0.83194299,"NaN",-0.0876943,0.43046437,"NaN",0.62193945,-0.1897887,0.28798091,-1.0655998,-0.45068,"NaN","NaN","NaN","NaN","NaN",0.63747293,"NaN","NaN","NaN","NaN","NaN","NaN","NaN","NaN",0.02922956,-1.2638166,1.08922989,-0.7336397,-0.8487806,1.61176922,-2.0078227,"NaN","NaN","NaN","NaN","NaN","NaN","NaN"
"NaN","NaN",1.19433612,-3.1042197,1.69350581,0.84244454,2.08585533,-1.8109461,-0.9673121,0.69446622,-0.955815,"NaN","NaN",-0.3029129,"NaN",-0.3992725,"NaN","NaN","NaN",0.69038521,-0.6563572,1.21645934,"NaN","NaN","NaN","NaN","NaN",0.56824738,0.48298062,"NaN","NaN","NaN","NaN","NaN","NaN","NaN","NaN","NaN",1.32911955,"NaN","NaN","NaN","NaN",-0.8295407,-0.6151941,-1.4801616,-0.1602443,"NaN","NaN","NaN",0.35256325,0.71087672,-0.6873357,-0.999989,-0.5038924,-0.3722753,-1.8699599,1.61015261,0.5284611,"NaN","NaN","NaN","NaN","NaN","NaN","NaN"
"NaN",0.88583759,0.62138346,2.05417864,1.11639918,"NaN","NaN","NaN",-0.547315,-0.3645711,1.71014081,"NaN",0.64549037,"NaN",0.07176551,"NaN","NaN","NaN","NaN",-0.1619293,-0.5916629,0.80123225,"NaN","NaN","NaN",0.35911602,-0.0211986,0.68935977,"NaN","NaN","NaN","NaN","NaN","NaN","NaN","NaN","NaN","NaN",-1.1889971,"NaN","NaN","NaN",-0.9180529,"NaN","NaN","NaN","NaN","NaN","NaN","NaN","NaN",-0.0733483,0.59766947,0.39999776,"NaN","NaN","NaN",-0.9090218,1.14367119,"NaN","NaN",1.01911729,-1.1014754,"NaN","NaN","NaN"
2.47131401,2.51839494,-1.6533481,0.49658437,"NaN","NaN","NaN","NaN","NaN",1.2288538,1.15578663,-2.2630135,1.75857911,-2.5579256,1.04494272,0.80494988,-0.363948,"NaN","NaN",-1.6761526,"NaN","NaN","NaN","NaN",0.17172799,"NaN","NaN",-1.1789543,"NaN","NaN","NaN",-3.2867025,-4.1117941,-1.9572046,3.9142763,-1.5200639,"NaN",-0.7324011,"NaN",1.22580632,1.38745051,-0.5477852,"NaN","NaN","NaN","NaN",-0.0543064,-3.3323922,-3.4115928,3.69916888,"NaN","NaN","NaN",-1.1525421,1.01281377,"NaN","NaN","NaN",0.3345664,"NaN","NaN","NaN","NaN","NaN","NaN","NaN"
-0.5172415,"NaN",1.50034866,"NaN","NaN","NaN","NaN","NaN",0.16442144,-0.6332236,0.94851712,-1.4055559,1.05846781,-1.0369631,-1.8696555,-1.0143181,0.55766319,0.00115739,"NaN",-2.7090783,3.38995003,"NaN","NaN",0.36740359,"NaN",1.04070761,-2.1107245,-0.4349937,0.36434297,"NaN",-2.0971542,-1.5857665,5.46635705,4.31093856,"NaN","NaN",-0.2762464,-1.0528564,0.87137575,"NaN","NaN","NaN","NaN",0.15853404,-2.276277,1.43557298,-2.194816,1.65583237,-3.9044205,3.97290934,-1.9039762,-0.6927177,"NaN",0.29930318,-2.8364718,-2.4768749,-1.121868,"NaN","NaN","NaN",-1.3184756,-1.2695994,1.56496256,"NaN","NaN","NaN"
-0.064755,"NaN","NaN","NaN","NaN",-1.2925355,1.14542258,-0.7123863,1.11900142,-1.0552765,1.35957584,1.76290774,-2.0211641,"NaN","NaN",1.43485297,-0.321405,"NaN",-1.4576441,1.63322695,-1.312835,"NaN","NaN","NaN",-1.7557312,-1.5469319,0.51892957,1.6257784,0.14600068,"NaN","NaN",-0.3366927,-0.4803216,"NaN",-1.5687236,-4.1814349,3.36415356,1.02421684,0.65834593,"NaN","NaN",-1.7432886,1.6328349,-0.6233088,-1.9407609,-2.4107633,-0.157489,3.48018113,1.60214141,-2.7562622,0.31928549,5.67322694,2.44813148,-6.4623432,3.66993995,3.85773294,2.29123049,-1.2624879,-2.4319645,"NaN",3.027681,2.79623891,-1.5055256,-0.5491033,"NaN","NaN"
2.69785058,-0.0517428,1.13108866,"NaN",-1.4945359,-4.6659816,1.97632548,-1.6472165,0.61607178,-2.1676664,2.09986318,0.95316273,"NaN","NaN","NaN","NaN","NaN","NaN","NaN","NaN","NaN","NaN","NaN",0.08963398,0.87352583,-2.8921638,-0.2849546,"NaN","NaN","NaN",0.52560819,0.33122326,"NaN","NaN",-0.7163002,-3.0509429,2.07910095,3.14742704,"NaN","NaN","NaN","NaN",1.44984516,"NaN","NaN","NaN",-0.660634,-3.5925855,2.04535201,0.12019759,-1.7377067,2.14066736,3.41064242,-4.8594424,0.00435979,-3.2988708,1.9856142,-1.2328744,"NaN",2.90629711,-1.7839291,2.56467897,-1.7959726,"NaN","NaN",-1.1134204
-0.3353077,-2.7432093,-2.2365282,1.89885007,"NaN","NaN","NaN",-3.1659425,1.53009752,-2.7407118,-0.8679943,2.22828842,-0.608032,"NaN",-0.5695889,"NaN",0.52429727,0.98802963,0.63143985,1.43238761,"NaN","NaN","NaN",0.68465515,0.63772796,0.66454302,0.47320212,-0.2444698,0.78967012,-0.1868723,0.325053,0.49747296,0.55092401,"NaN","NaN","NaN",-2.0166351,1.01685208,0.68547866,"NaN","NaN","NaN","NaN","NaN",1.82629691,0.75363669,"NaN","NaN",-1.0430221,-0.7805786,0.29169549,-0.7201683,0.52969648,2.6459857,1.91383464,-0.6599448,-0.5187121,"NaN","NaN","NaN",-0.5220697,"NaN","NaN","NaN","NaN","NaN"
"NaN",1.18632668,1.08154265,"NaN","NaN","NaN","NaN",2.87398925,0.78292467,"NaN","NaN",2.62603815,0.71112393,"NaN","NaN","NaN","NaN","NaN","NaN","NaN",0.45311349,-1.9394376,"NaN",-0.9799409,0.59868811,0.10668723,0.0794574,"NaN","NaN","NaN","NaN","NaN",0.61848131,"NaN","NaN",0.2097161,0.75633027,-0.4674645,0.35240987,-0.0168786,"NaN",-0.3171265,0.09552044,"NaN",0.4047833,-0.498649,0.15010088,-0.4124824,-1.5472243,0.78709136,0.8176647,1.49256072,-0.9409719,-0.5288096,0.19068265,-0.1840083,0.39261783,"NaN","NaN","NaN","NaN","NaN","NaN","NaN","NaN",0.77775343
