app/static/test_data/test_waves.json
{"header": {"parameterUnit": "m.s-1", "parameterNumber": 2, "dx": 5.0, "dy": 5.0, "parameterNumberName": "Eastward current", "la1": 80, "la2": -80, "parameterCategory": 2, "nx": 72, "numberPoints": 2304, "refTime": "2019_12_11_00", "lo2": 180, "ny": 32, "lo1": -180}, "data":
[rows 0 to 28 of 32, columns 0 to 65 of 72]
"NaN","NaN","NaN","NaN","NaN","NaN","NaN","NaN","NaN","NaN","NaN","NaN","NaN","NaN","NaN","NaN","NaN","NaN","NaN","NaN","NaN","NaN","NaN","NaN","NaN","NaN","NaN","NaN","NaN","NaN","NaN","NaN","NaN","NaN","NaN",0.26875441,0.13194938,0.14445642,-0.2327604,"NaN","NaN","NaN",0.30814146,"NaN","NaN",0.67605986,1.08574214,0.06322823,0.90738788,-0.4852909,"NaN","NaN","NaN","NaN","NaN","NaN","NaN","NaN","NaN","NaN","NaN","NaN","NaN","NaN","NaN","NaN"
"NaN",0.98341225,0.86004846,"NaN","NaN","NaN","NaN","NaN","NaN","NaN","NaN","NaN","NaN","NaN","NaN","NaN","NaN","NaN","NaN","NaN","NaN","NaN","NaN","NaN",0.16153063,"NaN","NaN","NaN","NaN","NaN","NaN","NaN","NaN",3.07915239,2.24526765,-1.4152052,-1.3499179,1.28307106,0.77147309,"NaN","NaN",-1.902043,"NaN","NaN",-1.8168047,-2.1296463,"NaN","NaN","NaN","NaN","NaN","NaN","NaN","NaN","NaN","NaN","NaN","NaN","NaN","NaN","NaN","NaN","NaN","NaN","NaN","NaN"
"NaN",2.27096325,-0.6857298,"NaN","NaN","NaN","NaN","NaN","NaN","NaN","NaN","NaN","NaN","NaN","NaN","NaN","NaN","NaN",0.31038787,"NaN","NaN","NaN","NaN","NaN","NaN","NaN","NaN","NaN","NaN",0.21721749,"NaN",9.05910284,6.19294183,-2.5761168,"NaN",-3.237974,6.01246826,3.81980603,-1.07293,"NaN","NaN","NaN","NaN","NaN",-0.2746226,0.12130476,"NaN","NaN","NaN","NaN","NaN","NaN","NaN","NaN","NaN","NaN","NaN","NaN","NaN","NaN","NaN","NaN","NaN","NaN","NaN","NaN"
1.4603795,2.33001148,2.23631197,"NaN","NaN","NaN","NaN","NaN","NaN","NaN","NaN","NaN","NaN","NaN","NaN","NaN","NaN","NaN","NaN","NaN","NaN",0.22708912,"NaN","NaN","NaN","NaN","NaN","NaN","NaN","NaN",2.89886446,-5.2429407,-2.8425278,6.48979954,0.96403069,-1.4430587,1.83863274,"NaN","NaN","NaN","NaN","NaN","NaN","NaN","NaN","NaN","NaN","NaN","NaN","NaN","NaN","NaN","NaN","NaN","NaN","NaN","NaN","NaN","NaN","NaN","NaN","NaN","NaN","NaN","NaN","NaN"
-2.7485157,-2.3137754,"NaN","NaN","NaN","NaN",-2.0461537,"NaN",0.68881482,"NaN","NaN","NaN","NaN","NaN","NaN","NaN","NaN","NaN","NaN","NaN",0.04477229,"NaN","NaN","NaN",0.27241839,-2.0996544,1.57060039,"NaN","NaN",-4.1261037,-3.2361933,4.01305503,7.94914668,3.84834779,-1.3440575,0.82793216,-2.993147,5.45738135,"NaN",-0.0005759,"NaN","NaN","NaN","NaN","NaN","NaN","NaN","NaN","NaN","NaN","NaN","NaN","NaN","NaN","NaN","NaN","NaN","NaN","NaN","NaN","NaN","NaN","NaN","NaN",-0.361586,-0.1070576
-3.3658359,1.03561869,-0.8149977,"NaN",0.14540389,0.14030131,-1.2637341,-0.2231472,0.33772499,"NaN","NaN","NaN","NaN","NaN","NaN","NaN","NaN","NaN","NaN","NaN","NaN","NaN","NaN","NaN","NaN",3.77526049,1.72545399,5.20220826,2.57050501,4.43305349,4.12915702,1.37449095,-6.5669228,2.89819745,"NaN","NaN",-1.5090913,"NaN","NaN","NaN","NaN","NaN","NaN","NaN","NaN","NaN","NaN","NaN","NaN","NaN","NaN","NaN","NaN","NaN","NaN","NaN","NaN","NaN","NaN","NaN","NaN","NaN","NaN","NaN","NaN",0.18979966
-2.2826025,"NaN","NaN",0.30191299,-0.623102,"NaN",6.36561614,-4.0795041,2.86696203,-2.750074,"NaN","NaN","NaN","NaN","NaN","NaN","NaN","NaN","NaN","NaN","NaN","NaN","NaN",0.4219402,2.10246409,3.82369992,-5.0816882,1.05038172,0.9234692,2.78702031,-2.1780815,-5.291461,-3.9611706,-0.3872167,-1.2722586,"NaN","NaN","NaN","NaN","NaN","NaN","NaN","NaN","NaN","NaN","NaN","NaN","NaN","NaN","NaN","NaN","NaN","NaN","NaN","NaN","NaN","NaN","NaN","NaN","NaN","NaN","NaN","NaN","NaN","NaN",0.83728129
5.59365777,-3.3595821,-6.8651512,"NaN",5.43763444,4.41731912,3.52409392,2.11726352,-1.9195201,"NaN","NaN","NaN","NaN","NaN","NaN","NaN","NaN","NaN","NaN","NaN","NaN","NaN",3.29669611,-3.7667053,4.29999489,2.98553308,2.1544826,-0.6254272,"NaN","NaN","NaN","NaN",-3.0440335,-2.3447306,"NaN","NaN","NaN",-0.7971714,"NaN",1.19982122,"NaN","NaN","NaN","NaN","NaN","NaN","NaN","NaN","NaN","NaN","NaN","NaN","NaN","NaN","NaN","NaN","NaN","NaN","NaN","NaN","NaN","NaN",0.77314652,"NaN","NaN",-0.8667158
1.39178149,-7.6773124,-1.4966649,-8.3055603,7.84323942,6.85335561,-5.7173367,-3.5243351,0.58779258,"NaN","NaN","NaN","NaN","NaN","NaN","NaN","NaN","NaN","NaN","NaN","NaN",-2.4277819,1.95657076,1.58379758,-1.3060379,0.62338111,1.35356263,-0.7703262,-0.9818832,-1.5416693,2.0721735,2.52337926,1.99668057,"NaN","NaN","NaN",-0.1983379,-3.3538692,0.21302985,0.53686729,"NaN","NaN","NaN","NaN","NaN","NaN","NaN","NaN","NaN","NaN","NaN","NaN","NaN","NaN","NaN","NaN","NaN","NaN","NaN","NaN",-1.1370745,"NaN",0.01961528,0.06397182,"NaN",1.83159265
"NaN","NaN","NaN","NaN","NaN","NaN","NaN","NaN","NaN","NaN","NaN","NaN","NaN","NaN","NaN","NaN","NaN","NaN","NaN","NaN",0.44706323,-0.9423841,"NaN",0.58391288,1.83012576,-1.5688536,-1.8885809,3.28022096,-0.0309068,-2.5296245,-0.7210114,0.19741907,0.21389176,"NaN","NaN","NaN","NaN","NaN","NaN",-2.3169468,"NaN",-0.3194823,0.4786661,"NaN","NaN","NaN","NaN","NaN","NaN","NaN","NaN","NaN","NaN","NaN","NaN","NaN","NaN","NaN","NaN","NaN",-0.1589236,-0.2531407,"NaN","NaN",1.76282086,1.74001765
"NaN","NaN","NaN","NaN","NaN","NaN","NaN","NaN","NaN","NaN","NaN","NaN","NaN","NaN","NaN","NaN",-1.3566869,-0.8061536,0.05730243,"NaN",1.36528206,"NaN",-1.4978812,-1.344416,1.00724009,0.8792123,-1.1590436,-0.73597,1.13268146,-0.4885199,-0.7054521,-0.0205345,-0.7114428,"NaN","NaN","NaN","NaN","NaN","NaN","NaN","NaN","NaN","NaN","NaN","NaN","NaN","NaN","NaN","NaN","NaN","NaN","NaN","NaN","NaN","NaN","NaN","NaN","NaN","NaN","NaN",0.33374757,-0.2823397,"NaN","NaN","NaN",-0.3739175
0.67690217,-0.6817504,"NaN","NaN","NaN","NaN","NaN",0.62815994,1.37997638,0.14172861,0.79387942,-0.8657394,0.99895559,-0.2944396,0.95477964,"NaN",-1.1276721,"NaN",0.29005051,0.07935395,0.2085058,1.26597636,-1.6640713,-1.2624591,0.96345917,-1.181021,0.90033505,-0.2370891,-0.2946059,2.20018866,0.90225164,-1.6133576,0.62610524,"NaN","NaN","NaN","NaN","NaN","NaN","NaN","NaN","NaN","NaN","NaN","NaN","NaN","NaN","NaN","NaN",-0.1189067,"NaN","NaN","NaN","NaN","NaN","NaN","NaN","NaN","NaN",0.71456016,0.8271324,"NaN",0.83231234,"NaN",-1.1796909,"NaN"
1.57617328,-0.5163429,-0.5379624,-0.6441644,-0.3641763,0.93663808,0.15066583,-1.0580773,-1.5557168,1.58481912,1.58902818,0.66428463,-0.8046092,-0.8464023,0.24505959,"NaN","NaN","NaN",0.7759597,1.46477409,-0.6765863,1.66874329,0.09323207,-0.9592879,2.31668259,0.43091589,-0.8243459,-2.4844737,-1.8519704,2.46444193,2.52308113,-2.161617,-0.3874075,"NaN","NaN","NaN","NaN","NaN","NaN","NaN","NaN","NaN","NaN","NaN","NaN","NaN","NaN","NaN",-0.6576187,"NaN","NaN","NaN","NaN","NaN","NaN","NaN","NaN","NaN",0.1874197,-0.2834568,"NaN","NaN","NaN","NaN","NaN","NaN"
1.2756696,1.22075206,0.76207776,0.68167168,0.69356762,-1.4858866,-1.4415362,-1.4807023,0.92651255,1.01192918,-0.6271358,-1.6352367,0.91956511,0.93420213,-0.9003602,"NaN","NaN","NaN","NaN",2.05965778,-2.5847544,0.55223302,-1.8909947,-1.6396785,-2.5730586,2.15992918,-2.1697025,-1.9842961,-1.5240369,0.13430449,1.10691822,-1.436741,"NaN","NaN","NaN","NaN","NaN","NaN","NaN","NaN","NaN","NaN","NaN","NaN","NaN",0.45926973,0.87869258,0.31115187,-0.8793806,0.50922184,"NaN","NaN",-0.9824206,-0.9639637,"NaN",0.03148495,"NaN","NaN",1.89452603,1.43265214,0.2707952,"NaN","NaN","NaN",-0.6015953,-1.2241378
0.06287688,0.24415526,1.31915185,1.40791433,1.67294247,-0.9497,1.05009111,"NaN","NaN","NaN","NaN","NaN","NaN",1.00530556,"NaN",-0.6466607,"NaN","NaN",-0.0927499,-0.2271382,"NaN","NaN","NaN","NaN",0.80143753,-2.2350406,0.22838934,1.03305358,0.7316215,-0.5288678,0.82912222,"NaN","NaN","NaN","NaN","NaN","NaN","NaN","NaN","NaN","NaN","NaN","NaN","NaN","NaN","NaN","NaN","NaN","NaN","NaN","NaN",-0.9252196,-0.6842757,"NaN",0.34976429,-0.6787227,-0.2215429,-0.0926051,-0.5746841,-0.7087373,"NaN","NaN","NaN","NaN",0.56330539,"NaN"
"NaN",-0.4746587,-0.2943102,"NaN","NaN",0.10118843,-1.4441106,0.33844927,-0.5907711,"NaN","NaN","NaN","NaN",-1.0045977,0.86758692,1.13819092,0.22050545,0.61173227,-0.9609408,0.0147676,"NaN","NaN","NaN","NaN","NaN","NaN",-1.8443616,1.69212972,0.152445,"NaN","NaN","NaN","NaN","NaN",-0.9135555,"NaN","NaN",0.32193456,"NaN","NaN","NaN","NaN","NaN","NaN","NaN",-0.779795,0.21135803,"NaN","NaN","NaN","NaN","NaN","NaN","NaN","NaN","NaN","NaN",-0.3543017,"NaN","NaN","NaN","NaN","NaN","NaN","NaN","NaN"
"NaN","NaN",-0.9660346,"NaN",0.26869824,-0.1277174,1.34789548,-0.9437504,-0.327858,"NaN","NaN",-1.0993049,-0.4797324,-1.1989152,0.72085096,1.01830575,-0.9474372,0.92276909,-0.7876218,-1.1700432,"NaN","NaN","NaN","NaN","NaN","NaN","NaN",-0.2380995,"NaN",-0.3125638,0.21708319,0.67554014,0.50799162,0.65347455,-0.8628858,-0.9978528,-0.7637407,-0.1301336,"NaN","NaN","NaN","NaN","NaN","NaN",0.80657477,"NaN","NaN","NaN","NaN",-0.5011708,-0.7902945,"NaN","NaN","NaN","NaN",0.39823237,"NaN","NaN","NaN","NaN",0.03505768,"NaN","NaN","NaN","NaN","NaN"
-0.9033139,"NaN","NaN","NaN","NaN",0.69111973,0.70542085,-0.853417,0.32695155,"NaN","NaN","NaN","NaN",-0.5409151,-1.3141033,-1.3376577,-0.2043976,0.696782,"NaN",-0.8742789,"NaN","NaN","NaN","NaN","NaN","NaN","NaN","NaN","NaN","NaN",-0.6419933,-0.4174441,-0.5757668,-0.7055085,-0.3549569,"NaN","NaN","NaN","NaN","NaN","NaN","NaN","NaN","NaN",-0.5505036,"NaN","NaN",0.46528915,-0.3897241,0.09281436,-1.0692992,1.45851283,-0.5466622,-1.0635207,0.70574705,-1.3939774,1.11594758,"NaN","NaN",-0.0221095,"NaN","NaN","NaN",-0.0199844,"NaN","NaN"
"NaN",-0.430151,-0.5439694,"NaN","NaN","NaN","NaN","NaN","NaN","NaN","NaN","NaN","NaN","NaN",-0.4895628,-0.0651194,-0.2632234,-0.6842754,-1.1419478,1.11543019,-0.7969542,"NaN","NaN","NaN","NaN","NaN","NaN","NaN",-0.9617724,-0.3382735,-1.0108215,0.81755055,-0.3251852,0.47021067,-0.5608344,"NaN","NaN","NaN",0.24260614,"NaN","NaN","NaN","NaN","NaN","NaN","NaN","NaN","NaN",-0.8402774,0.90257581,1.350027,0.31452915,-0.5135038,2.05878295,-0.3563282,0.49667427,1.01295315,-1.161107,"NaN","NaN","NaN",0.25096774,"NaN","NaN","NaN","NaN"
"NaN","NaN","NaN","NaN","NaN","NaN","NaN",0.52948014,"NaN",0.0450584,"NaN","NaN","NaN",0.99143654,-1.1295126,-0.4034091,-0.8753495,0.70170817,-0.3898267,-1.1436495,-0.3468957,"NaN","NaN","NaN","NaN","NaN","NaN","NaN",0.51859215,"NaN",0.62663189,0.46095243,0.19037928,-0.4930938,-0.0521484,-0.9701734,"NaN",-0.2523001,"NaN","NaN","NaN","NaN","NaN",0.22519937,"NaN","NaN","NaN",0.8260072,"NaN",0.96508204,-0.2156636,1.34545854,0.3235363,-1.6526683,1.29226044,1.62525864,-0.6413929,-1.3406901,-0.0923392,"NaN","NaN","NaN","NaN","NaN","NaN",1.0983303
"NaN","NaN","NaN",-1.1491922,-0.2006598,-1.8792236,1.74956735,2.67286062,0.88781254,-1.6558505,1.11544971,-0.0418921,-0.5514252,"NaN","NaN",-0.0887976,"NaN",-0.4438656,0.5103381,0.92129667,0.48466399,0.95932339,"NaN","NaN","NaN","NaN","NaN","NaN",-0.607265,"NaN",-0.6844046,-0.3423454,"NaN",0.15096787,-0.611212,-0.9576361,0.09693683,-1.1444594,"NaN","NaN","NaN","NaN","NaN",-1.4456929,"NaN","NaN","NaN","NaN","NaN","NaN","NaN","NaN",0.9195355,0.57867737,1.07446645,1.65465178,1.86603088,-1.6687119,-0.2992452,"NaN","NaN","NaN","NaN","NaN","NaN","NaN"
"NaN","NaN",1.7272987,-0.3133992,-1.8930498,1.52246091,-0.3182877,-0.4243512,1.36132548,-1.1342911,0.35611455,"NaN","NaN",0.82622255,"NaN",-0.3173032,"NaN","NaN","NaN",0.36299891,-0.968553,-0.4585046,"NaN","NaN","NaN","NaN","NaN",0.91841969,0.08264199,"NaN","NaN","NaN","NaN","NaN","NaN","NaN","NaN","NaN",-0.0483839,"NaN","NaN","NaN","NaN",1.85277145,-2.0809698,-1.1097843,-0.96681,"NaN","NaN","NaN",-0.795361,-0.674577,0.30011585,-0.0046874,0.52819726,-1.1091938,-0.0122344,-1.7931837,2.24873933,"NaN","NaN","NaN","NaN","NaN","NaN","NaN"
"NaN",2.88715978,2.52465484,-0.4821303,-1.3991971,"NaN","NaN","NaN",-0.751895,1.63996577,-1.1304504,"NaN",0.13763043,"NaN",0.10839607,"NaN","NaN","NaN","NaN",0.37666812,0.31438018,0.67862122,"NaN","NaN","NaN",-0.0252124,-0.5295758,0.36494254,"NaN","NaN","NaN","NaN","NaN","NaN","NaN","NaN","NaN","NaN",0.96290476,"NaN","NaN","NaN",0.80347919,"NaN","NaN","NaN","NaN","NaN","NaN","NaN","NaN",1.70842609,-0.1648975,-0.6928215,"NaN","NaN","NaN",0.54523318,1.50469802,"NaN","NaN",-0.1493314,-1.00342,"NaN","NaN","NaN"
-0.2073816,1.26889184,1.07113934,-1.0261597,"NaN","NaN","NaN","NaN","NaN",-0.7313126,1.40590078,0.63345816,1.16597558,-2.0371342,0.83886499,1.42886515,-0.6785586,"NaN","NaN",0.78295077,"NaN","NaN","NaN","NaN",-0.3832877,"NaN","NaN",0.97517519,"NaN","NaN","NaN",4.17057375,2.33795829,3.44252063,0.53003729,0.24699303,"NaN",-0.4878407,"NaN",-0.7364093,-1.16236,-0.9654177,"NaN","NaN","NaN","NaN",3.03951485,0.67465609,-1.2975104,-1.4134171,"NaN","NaN","NaN",-2.2184784,2.51362456,"NaN","NaN","NaN",0.0605419,"NaN","NaN","NaN","NaN","NaN","NaN","NaN"
-0.515132,"NaN",-0.2997562,"NaN","NaN","NaN","NaN","NaN",1.30971959,-0.8625124,-1.6693457,-1.4785169,1.73220835,0.21978905,-1.6896117,-0.6957433,1.47831374,-1.3299994,"NaN",2.00444355,-0.0183804,"NaN","NaN",0.20350575,"NaN",1.31883565,1.28286477,2.37041763,1.17479966,"NaN",-5.2356033,-6.9411629,4.07815355,2.45304077,"NaN","NaN",1.28054196,1.44761638,0.49061623,"NaN","NaN","NaN","NaN",2.00373823,-1.0811856,-2.3806574,2.38335534,-3.4646527,-1.0378342,-0.7864407,4.41712279,5.4259598,"NaN",-0.9646333,-0.4374091,3.12812895,-1.7396298,"NaN","NaN","NaN",-1.0085742,-1.1898391,0.41867909,"NaN","NaN","NaN"
0.24146796,"NaN","NaN","NaN","NaN",-1.4600861,0.3226561,1.38784203,-0.7904023,-1.2422928,-0.0339639,1.36567066,-1.0111852,"NaN","NaN",0.12164191,-1.4651616,"NaN",0.19019299,1.17160986,1.1722048,"NaN","NaN","NaN",-0.2242937,-2.3098487,-3.7845886,-1.5409232,1.0801777,"NaN","NaN",0.67017758,-0.2679387,"NaN",2.36742595,-1.551516,0.32690967,-0.1089945,0.88123815,"NaN","NaN",-1.4382435,1.61983022,3.01627015,-2.2084034,-1.0760202,2.59522575,0.26160915,-2.8046466,-0.9016747,3.8166682,-0.8729796,6.2474597,1.00484814,-2.9840309,0.63717763,-2.7507566,2.06458794,-1.1728379,"NaN",0.56528509,-0.7301692,2.3132212,2.37741156,"NaN","NaN"
0.67082194,-2.0293404,0.89120045,"NaN",-2.4852286,-2.4064736,2.65522827,2.06307461,2.85426954,-2.059447,0.0239626,-0.927567,"NaN","NaN","NaN","NaN","NaN","NaN","NaN","NaN","NaN","NaN","NaN",1.93792814,-2.5547901,-1.8809272,-0.2513977,"NaN","NaN","NaN",-0.2205357,-0.0767538,"NaN","NaN",0.28251346,-4.0742905,-2.5626819,0.4539845,"NaN","NaN","NaN","NaN",2.12199167,"NaN","NaN","NaN",3.97548242,2.13675634,2.38246391,2.00640287,-1.1791416,0.78482043,-0.8705849,0.07359344,-5.0099978,-1.9260971,-1.6629599,-0.3048287,"NaN",1.54192632,2.92958967,-0.2807513,-1.2706228,"NaN","NaN",2.42676614
-3.4839013,1.87008068,-0.6881431,-0.8241772,"NaN","NaN","NaN",2.66765944,-4.2956258,-3.0761823,-3.038451,-0.5698512,-0.3261854,"NaN",0.02164349,"NaN",-0.8279566,0.29102813,-1.2158057,0.44527038,"NaN","NaN","NaN",1.09331935,0.46626492,-0.2770965,0.52932005,-0.6665841,0.12814453,-0.7469797,0.31119211,0.29819561,-0.2376608,"NaN","NaN","NaN",2.09792322,0.76086252,0.68630819,"NaN","NaN","NaN","NaN","NaN",0.65439999,-2.6447177,"NaN","NaN",0.90360651,0.74638922,-0.1746818,-0.7913642,1.97003083,-0.1458042,-0.580721,-2.0146643,1.30036058,"NaN","NaN","NaN",0.13799686,"NaN","NaN","NaN","NaN","NaN"
"NaN",-1.7206767,1.6465616,"NaN","NaN","NaN","NaN",-0.570162,2.50028565,"NaN","NaN",1.40866025,0.94164888,"NaN","NaN","NaN","NaN","NaN","NaN","NaN",2.00954918,0.52790303,"NaN",0.52135948,-0.6312468,-0.1449752,0.07606918,"NaN","NaN","NaN","NaN","NaN",-0.0433689,"NaN","NaN",0.38680635,0.62318892,-0.7455715,0.58155592,0.43967614,"NaN",-0.3192659,0.10235157,"NaN",-0.1120288,-1.2545314,-1.6833209,-1.8956418,-0.4451929,-1.2296694,1.2694583,0.48699308,0.53006755,-0.9986292,1.30615464,1.10478094,-0.2198891,"NaN","NaN","NaN","NaN","NaN","NaN","NaN","NaN",0.05915693
